110000000000000000000000000000000000000000000000001000000000000100000000000000000000000000000000000000000000000000000000000000000
110000000000000000000000000000000000000000000000001000000000000100000000000000000000000000000000000000000000000000000000000000000
001000000000000000000000000000000000000000000000000000000000000010000000000000000000000000000000000000000000000000000000000000000
000100000000000000000000000000000000000000000000000000000000000011000000000000000000000000000000000000000000000000000000000000000
000010000000000000000000000000000000000000000000000000000000000000000000100000000000000000000000000000000000000000000000000000000
000001000000000000000000000000000000000000000000000000000000000001000000010000000000000000000000000000000000000000000000000000000
000000100000000000000000000000000000000000000000000000000000000000000000001000000000000000000000000000000000000000000000000000000
000000010000000000000000000000000000000000000000000000000000000000000000000110000000000000000000000000000000000000000000000000000
000000001000000000000000000000000000000000000000000000000000000000000000000100000000000000000000000000000000000000000000000000000
000000000100000000000000000000000000000000000000000010000000000000000100000000000000000000000000000000000000000000000000000000000
000000000010000000000000000000000000000000000000000010000000000000000000000000000000000000000000000000000000000000000000000000000
000000000001000000000000000000000000000000000000000000000000000000000000000001100000000000000000000000000000000000000000000000000
000000000000100000000000000000000000000000000000000000000000000000000000000000011000000001111000000000000000000000000000000000000
000000000000010000000000000000110000000000000000000000000000000000000000000000000110000000000000000000000000000000000000000000000
000000000000001000000000000000000000000000000000000000000000000000000000000000010000000000010010000000000000000000000000000000000
000000000000000100000000000000000000000000000000000000000000000000000000000000000000000000011011000000000000000000000000000000000
000000000000000010000000000000000000000000000000000000000000000000000000000000000000000000001101100000000000000000000000000000000
000000000000000001000000000000000000000000000000000000000000000000000000000000000000000000000100000000000000001000000000000000000
000000000000000000100000000000000000000000000000000000000000000000000000000000000000000000000000000000000000001100000000000000000
000000000000000000010000000000000000000000000000000000000000000000000000000000000000001100000010000000000000000000000000000000000
000000000000000000001000000000000000000000000000000000000000000000000000000000000000000100000011010000000000000000000000000000000
000000000000000000000100000000000000000000000000000000000000000000000000000000000000000000000001111000000000000000000000000000000
000000000000000000000010000000000000000000000000000000000000000000000000000000000000000000000000000000001000001100000000000000000
000000000000000000000001000000000000000000000000000000000000000000000000000000000000000000000000000010001000000000000000000000000
000000000000000000000000100000000000000000000000000000000000000000000000000000000000000000000000000000001100000110000000000000000
000000000000000000000000010000000000000000000000000000000000000000000000000000000000000000000000000011001100000000000000000000000
000000000000000000000000001000000000000000000000000000000000000000000000000000000000000000000000000000000110000011000000000000000
000000000000000000000000000100000000000000000000000000000000000000000000000000000000000000000000000001100110000000000000000000000
000000000000000000000000000010000000000000000000000000000000000000000000000000000000000000000000000000000011000001100000000000000
000000000000000000000000000001000000000000000000000000000000000000000000000000000000000000000000000000110011000000000000000000000
000000000000010000000000000000110000000000000000000000000000001000000000000000100100000000000000000000000000000000000000000000000
000000000000010000000000000000111000000000000000000000000000000000000000000000000011000000000000000000000000000000000000000000000
000000000000000000000000000000011000000000000000000000000000000000000000000000000011000000000000000000000000000000000000000000000
000000000000000000000000000000000100000000000000000000000000000000000000000000000001000000000000000000000000000000000000000000000
000000000000000000000000000000000011000000000000000000000000000000000000000000000000000100000000010000000000000000000000000000000
000000000000000000000000000000000011000000000000000000000000000000000000000000000000000000000000011100000000000000000000000000000
000000000000000000000000000000000000100000000000000000000000000000000000000000000000000000000000000110000000000000000000000000000
000000000000000000000000000000000000010000000000000000000000000000000000000000000000000000000000000000010001110000000000000000000
000000000000000000000000000000000000001000000000000000000000000000000000000000000000000000000000000000000000010000000000000000000
000000000000000000000000000000000000000100000000000000000000000000000000000000000000000000000000000000000000000100000010000000000
000000000000000000000000000000000000000010000000000000000000000000000000000000000000000000000000000000000000000000000001100000000
000000000000000000000000000000000000000001010000000000000000000000000000000000000000000000000000000000000000000000000000011000000
000000000000000000000000000000000000000000100000000000000000000000000000000000000000000000000000000000000000000000000000011000000
000000000000000000000000000000000000000001010000000000000000000000000000000000000000000000000000000000000000000000000000001100000
000000000000000000000000000000000000000000001000000000000000000000000000000000000000000000000000000000000000000000000000000110100
000000000000000000000000000000000000000000000100000000000000000000000000000000000000000000000000000000000000000000000000000011100
000000000000000000000000000000000000000000000010000000000000000000000000000000000000000000000000000000000000000000000000000001000
000000000000000000000000000000000000000000000001000000000000000000000000000000000000000000000000000000000000000000000000000000111
000000000000000000000000000000000000000000000000100000000000000000000000000000000000000000000000000000000000000000000000000000110
000000000000000000000000000000000000000000000000010000000000000000000000000000000000000000000000000000000000000000000000000000001
110000000000000000000000000000000000000000000000001000000000000100000000000000000000000000000000000000000000000000000000000000000
000000000000000000000000000000000000000000000000000100000000000000000000000000000000000000000000000000000000000000010000000000000
000000000110000000000000000000000000000000000000000010000000000000000010000000000000000000000000000000000000000000000000000000000
000000000000000000000000000000000000000000000000000001001000000000010000000000000000000000000000000000000000000000000000000000000
000000000000000000000000000000000000000000000000000000100000000000000000000000000000010000000000000000000000000000000010000000000
000000000000000000000000000000000000000000000000000000010000000000000000000000000000000000000000000000010000000000000000000000001
000000000000000000000000000000000000000000000000000001001000000000110000000000000000000000000000000000000000000000000000000000000
000000000000000000000000000000000000000000000000000000000100000000110000000000000000000000000000000000000000000000000000000000000
000000000000000000000000000000000000000000000000000000000010000000001101000000000000000000000000000000000000000000000000000000000
000000000000000000000000000000000000000000000000000000000001000000001100000000000000000000000000000000000000000000000000000000000
000000000000000000000000000000000000000000000000000000000000100000011000000000000000000000000000000000000000000000000000000000000
000000000000000000000000000000000000000000000000000000000000010000000000000000000000000000000000000000000000000000101100000000000
000000000000000000000000000000100000000000000000000000000000001000000000000000110100100000000000000000000000000000000000000000000
110000000000000000000000000000000000000000000000001000000000000110000000000001100000000000000000000000000000000000000000000000000
001100000000000000000000000000000000000000000000000000000000000111000000100000000000000000000000000000000000000000000000000000000
000101000000000000000000000000000000000000000000000000000000000011100000011000000000000000000000000000000000000000000000000000000
000000000000000000000000000000000000000000000000000000001100000001110000001000000000000000000000000000000000000000000000000000000
000000000000000000000000000000000000000000000000000001001100100000111000000010000000000000000000000000000000000000000000000000000
000000000000000000000000000000000000000000000000000000000011100000011101000000000000000000000000000000000000000000000000000000000
000000000100000000000000000000000000000000000000000000000011000000001110000000000000000000000000000000000000000000000000000000000
000000000000000000000000000000000000000000000000000010000000000000000111000000000000000000000000000000000000000000000000000000000
000000000000000000000000000000000000000000000000000000000010000000001011000000000000000000000000000000000000000000000100000000000
000010000000000000000000000000000000000000000000000000000000000010000000110000000000000000000000000000000000000000000000000000000
000001000000000000000000000000000000000000000000000000000000000001000000111001010000000000000000000000000000000000000000000000000
000000100000000000000000000000000000000000000000000000000000000001100000011101010000000000000000000000000000000000000000000000000
00000001100000000000000000000000000000000000000000000000000000000000000000111000000000000000000000000000000000000000000000000000
000000010000000000000000000000000000000000000000000000000000000000010000000110000000000010000000000000000000000000000000000000000
000000000001000000000000000000000000000000000000000000000000000100000000011001010000000000000000000000000000000000000000000000000
000000000001000000000000000000100000000000000000000000000000001100000000000000110000000000000000000000000000000000000000000000000
000000000000101000000000000000000000000000000000000000000000001000000000011001111000100000000000000000000000000000000000000000000
000000000000100000000000000000000000000000000000000000000000000000000000000000011000000001011000000000000000000000000000000000000
000000000000010000000000000000100000000000000000000000000000001000000000000000000111100000000000000000000000000000000000000000000
000000000000010000000000000000011000000000000000000000000000000000000000000000000111000000000000000000000000000000000000000000000
000000000000000000000000000000011100000000000000000000000000000000000000000000000111110000000000000000000000000000000000000000000
000000000000000000000000000000000000000000000000000000000000001000000000000000010101111000000000000000000000000000000000000000000
000000000000000000000000000000000000000000000000000000100000000000000000000000000001110000000000000000000000000000000000000000000
000000000000000000010000000000000000000000000000000000000000000000000000000000000000101100000000000000000000000000000000000000000
000000000000000000011000000000000010000000000000000000000000000000000000000000000000001100000010010000000000000000000000000000000
000000000000000000000000000000000000000000000000000000000000000000000000000010000000000011000000000000000000000000000000000000000
000000000000100000000000000000000000000000000000000000000000000000000000000000001000000011100000000000000000000000000000000000000
000000000000100000000000000000000000000000000000000000000000000000000000000000000000000001111100000000000000001000000000000000000
000000000000101100000000000000000000000000000000000000000000000000000000000000001000000000111010000000000000000000000000000000000
000000000000100110000000000000000000000000000000000000000000000000000000000000001000000000111101000000000000000000000000000000000
000000000000000011000000000000000000000000000000000000000000000000000000000000000000000000101100100000000000001000000000000000000
000000000000001100011000000000000000000000000000000000000000000000000000000000000000000100010011000000000000000000000000000000000
000000000000000110001100000000000000000000000000000000000000000000000000000000000000000000001011110000000000000000000000000000000
000000000000000010000100000000000000000000000000000000000000000000000000000000000000000000000101101000000000000000000000000000000
000000000000000000001100000000000011000000000000000000000000000000000000000000000000000100000001011000000000000000000000000000000
00000000000000000000010000000000000100000000000000000000000000000000000000000000000000000000000111110000000000000000000000000000
000000000000000000000000000000000001100000000000000000000000000000000000000000000000000000000000001100000000000000000000000000000
000000000000000000000001010000000000100000000000000000000000000000000000000000000000000000000000001011001000000000000000000000000
000000000000000000000000010100000000000000000000000000000000000000000000000000000000000000000000000011100100000000000000000000000
000000000000000000000000000101000000000000000000000000000000000000000000000000000000000000000000000001110010000000000000000000000
000000000000000000000000000001000000010000000000000000010000000000000000000000000000000000000000000000110001010000000000000000000
000000000000000000000011110000000000000000000000000000000000000000000000000000000000000000000000000010001100000000000000000000000
000000000000000000000000111100000000000000000000000000000000000000000000000000000000000000000000000001001110000000000000000000000
000000000000000000000000001111000000000000000000000000000000000000000000000000000000000000000000000000100111000000000000000000000
000000000000000000000000000011000000010000000000000000000000000000000000000000000000000000000000000000010011100000100000000000000
000000000000000000000000000000000000010000000000000000000000000000000000000000000000000000000000000000000001110000100000000000000
000000000000000000000000000000000000011000000000000000000000000000000000000000000000000000000000000000010000110000010000000000000
000000000000000001100010000000000000000000000000000000000000000000000000000000000000000000100100000000000000001100000000000000000
000000000000000000100010100000000000000100000000000000000000000000000000000000000000000000000000000000000000001110000000000000000
000000000000000000000000101000000000000000000000000000000000000000000000000000000000000000000000000000000000000111000000000000000
000000000000000000000000001010000000000000000000000000000000000000000000000000000000000000000000000000000000000011100000000000000
000000000000000000000000000010000000000000000000000000000000010000000000000000000000000000000000000000000001100001111000000000000
000000000000000000000000000000000000000000000000000100000000000000000000000000000000000000000000000000000000010000111000000000000
000000000000000000000000000000000000000000000000000000000000010000000000000000000000000000000000000000000000000000111100000000000
000000000000000000000000000000000000000000000000000000000000010000000001000000000000000000000000000000000000000000001100000000000
000000000000000000000000000000000000000100000000000000100000000000000000000000000000000000000000000000000000000000000011000000000
000000000000000000000000000000000000000010000000000000000000000000000000000000000000000000000000000000000000000000000011100000000
000000000000000000000000000000000000000010000000000000000000000000000000000000000000000000000000000000000000000000000001110000000
000000000000000000000000000000000000000001100000000000000000000000000000000000000000000000000000000000000000000000000000111000000
000000000000000000000000000000000000000001110000000000000000000000000000000000000000000000000000000000000000000000000000011110000
000000000000000000000000000000000000000000011000000000000000000000000000000000000000000000000000000000000000000000000000001110100
000000000000000000000000000000000000000000001100000000000000000000000000000000000000000000000000000000000000000000000000001111100
000000000000000000000000000000000000000000000110000000000000000000000000000000000000000000000000000000000000000000000000000011100
000000000000000000000000000000000000000000001101100000000000000000000000000000000000000000000000000000000000000000000000000111110
000000000000000000000000000000000000000000000001100000000000000000000000000000000000000000000000000000000000000000000000000000111
